{
  "id": "StructureAge",
  "title": "(extrait) B.103 I population totale par sexe et par groupe d'âges",
  "timeformat": "YYYY",
  "legend": {
    "t": "year",
    "v": "0-14 ans (enfance)",
    "v1": "15-64 (âge d'activité)",
    "v2": "65 ans et plus (âge de la retraite)"
  },
  "source": "STATEC",
  "values": [
    { "t": 1871, "v": 34.6, "v1": 59.9, "v2": 5.5 },
    { "t": 1880, "v": 35.1, "v1": 59.4, "v2": 5.5 },
    { "t": 1890, "v": 34.3, "v1": 59.4, "v2": 6.3 },
    { "t": 1900, "v": 31.7, "v1": 62.3, "v2": 6 },
    { "t": 1910, "v": 32.7, "v1": 61.3, "v2": 6 },
    { "t": 1922, "v": 26.7, "v1": 66.9, "v2": 6.3 },
    { "t": 1930, "v": 24.6, "v1": 69, "v2": 6.4 },
    { "t": 1935, "v": 24.6, "v1": 68.3, "v2": 7.2 },
    { "t": 1947, "v": 19.8, "v1": 70.7, "v2": 9.5 },
    { "t": 1961, "v": 21.4, "v1": 67.9, "v2": 10.8 },
    { "t": 1971, "v": 22.1, "v1": 65.3, "v2": 12.6 },
    { "t": 1981, "v": 18.5, "v1": 67.9, "v2": 13.6 },
    { "t": 1991, "v": 17.5, "v1": 69.1, "v2": 13.4 },
    { "t": 2001, "v": 18.9, "v1": 67.2, "v2": 13.9 },
    { "t": 2011, "v": 17.6, "v1": 68.5, "v2": 13.9 },
    { "t": 2020, "v": 16, "v1": 69.5, "v2": 14.5 }
  ]
}
